Leaky ReLU:
Fprop: [  1.50000000e+00  -3.30000000e-02  -1.00000000e-03  -2.40000000e-02
  -4.30000000e-02  -1.50000000e-02]
Bprop: [[ 5.    0.1  -0.1  -0.05  0.    0.1 ]]
ELU:
Fprop: [ 1.5        -0.96311683 -0.09516258 -0.90928205 -0.98643144 -0.77686984]
Bprop: [[ 5.          0.36883167 -9.04837418 -0.45358977  0.          2.2313016 ]]
SELU:
Fprop: [ 1.57605    -1.69329067 -0.16730879 -1.59864178 -1.73428093 -1.36584307]
Bprop: [[  5.2535       0.64845636 -15.90827519  -0.79747264   0.           3.92293236]]
